C_course-v1:TsinghuaX+30240184+sp -7.86617398e-03 -6.85320143e-03 4.09306772e-03 1.25637753e-02  4.82450984e-03 1.64661394e-03 3.43217701e-03 6.32772746e-04  6.45922730e-04 -1.57238950e-03 4.46253270e-03 -8.50247778e-03 -4.99553425e-05 4.47116047e-03 1.76575477e-03 -3.01171630e
C_course-v1:TsinghuaX+00740043X_2015_T2+sp -6.59718597e-03 -4.87648696e-03 4.47590556e-03 1.00025926e-02  5.18815080e-03 1.13334064e-03 1.54769456e-03 1.47468294e-03 -1.11442676e-03 -1.20107492e-03 4.97061107e-03 -6.24698307e-03 -5.72455756e-04 2.41078460e-03 -1.89533923e-04 -1.86043663e
C_course-v1:MicrosoftX+Microsoft101+sp -9.38802212e-03 -5.29807201e-03 7.77872978e-03 1.31905125e-02  4.82440647e-03 2.37571751e-03 5.56459790e-03 -2.40781275e-03 -1.33061854e-04 -2.56091659e-03 5.30341640e-03 -8.20055325e-03  6.86322630e-04 4.35791304e-03 3.02650407e-03 -2.49577686e
C_course-v1:TsinghuaX+34100325_X+sp -6.67397911e-03 -6.10035239e-03 3.98205873e-03 1.17661403e-02  6.50801137e-03 2.28724442e-03 4.91428329e-03 2.29181838e-04  3.02909105e-03 -1.41124253e-03 6.03484595e-03 -7.14446558e-03  1.45373854e-03 2.66919029e-03 -4.92298219e-04 -1.80121104e
C_course-v1:TsinghuaX+40050455X+sp -7.21823936e-03 -6.03554631e-03 8.95824004e-03 1.41911535e-02  4.90142219e-03 1.66409125e-03 7.81898946e-03 -1.92338461e-03  3.14400531e-05 -1.87703420e-03 6.10664720e-03 -8.25050939e-03  5.74197802e-05 4.73908335e-03 3.46846879e-03 -2.66356114e
C_course-v1:TsinghuaX+00740123_X+sp -5.48712024e-03 -5.96295064e-03 4.31342656e-03 1.15221590e-02  7.79904937e-03 2.79600522e-03 3.55125288e-03 1.88772136e-03  2.02788346e-04 -1.81237597e-03 5.36527904e-03 -8.11000448e-03 -6.67984306e-04 3.66654503e-03 -5.63400332e-04 -2.89882231e
C_course-v1:MITx+6_00_1x+sp -8.28462839e-03 -8.84707272e-03 4.83408524e-03 1.33273918e-02  6.73282892e-03 -1.00042077e-03 4.84802807e-03 -1.60551048e-03 -1.54539826e-04 -7.45876168e-04 8.89550243e-03 -8.94823298e-03  1.37087295e-03 7.82766566e-03 3.85095162e-04 -4.07762686e
C_course-v1:BIT+PHY1701702+sp -0.00959351 -0.00819942 0.00822827 0.01242166 0.00647948 -0.00140801  0.006437  -0.00323813 0.00140348 -0.00209301 0.00703663 -0.00595888  0.00214687 0.00887178 0.00234818 -0.00487474 -0.00571085 0.00670631  0.00043262 -0.00242345 0.00919099 
C_course-v1:TsinghuaX+00690212X+sp -0.01209032 -0.00971606 0.00735478 0.01596585 0.00922175 0.00202872  0.00401057 -0.00315526 -0.00023301 -0.00051467 0.00865159 -0.01037856 -0.00060971 0.00824875 0.00085861 -0.00497946 -0.00505039 0.00562814  0.00427911 -0.00354351 0.00981044 
C_course-v1:TsinghuaX+00690242+sp -9.14222002e-03 -7.52073899e-03 7.21175410e-03 1.42226452e-02  8.86122510e-03 1.16854138e-03 6.50916249e-03 -2.92644044e-03 -1.29668112e-03 -2.51786411e-03 9.86228883e-03 -8.34984239e-03  2.33930675e-03 6.71892567e-03 2.00566859e-03 -2.04375945e
C_course-v1:Tsinghua+20150001+sp -7.25536421e-03 -6.75713457e-03 3.76926665e-03 1.16710449e-02  7.74314348e-03 -8.45590723e-04 3.97768011e-03 -4.44385747e-04  9.01414955e-04 -8.46954645e-05 5.07216249e-03 -7.42075173e-03  5.88562805e-04 4.89006378e-03 1.36857689e-03 -1.70257827e
C_course-v1:TsinghuaX+30240243X+sp -7.69497082e-03 -7.00991228e-03 4.17297753e-03 1.45326825e-02  8.46085977e-03 1.93272310e-03 2.54846038e-03 -1.27266592e-03  9.86676896e-04 -8.67357943e-04 5.76101430e-03 -7.52062118e-03 -5.18214714e-04 5.36784763e-03 -3.53519805e-04 -3.62323853e
C_course-v1:TsinghuaX+60610231+2016_T2_SP -5.91078447e-03 -9.18347947e-03 2.18744203e-03 1.07299099e-02  9.25210398e-03 -1.28387765e-03 5.73230023e-03 -1.15203764e-03  1.47177186e-03 -1.82203576e-03 6.57975674e-03 -6.58677751e-03  1.31909808e-04 5.51120518e-03 -1.17671455e-03 -2.14135903e
C_course-v1:PekingX+Peking001x+_ -0.01183193 -0.01145626 0.01057267 0.01691993 0.00680825 -0.00077724  0.00661316 -0.00581229 0.00069801 -0.00188635 0.00992443 -0.00909773  0.00217031 0.01042067 0.00130622 -0.00448033 -0.00627684 0.00666872  0.00182039 -0.00469387 0.0115431 
C_course-v1:TsinghuaX+00740043_2x_2015_T2+sp -8.23906902e-03 -7.69663649e-03 5.97928697e-03 1.17266001e-02  5.86321531e-03 -4.20288445e-04 4.08457732e-03 -2.01791315e-03 -6.39369537e-04 1.60530166e-04 6.87665259e-03 -5.05318353e-03  9.88096232e-04 5.01464307e-03 8.79868225e-04 -3.18979099e
C_course-v1:TsinghuaX+00740113_1X+sp -0.00999185 -0.00883362 0.0081437  0.0147103  0.00943044 0.0002988  0.00490368 -0.00301684 0.00105317 -0.0002501  0.00867218 -0.0094409  0.00165276 0.00914691 -0.00040164 -0.00504729 -0.00442906 0.00431324  0.00513637 -0.0026445  0.00886711 -0
C_course-v1:NBCC+NBCC000201+_sp -6.53862581e-03 -5.94492489e-03 4.11581201e-03 1.27037987e-02  7.42145907e-03 9.87841515e-04 2.87269196e-03 -1.60496542e-03  1.68498792e-03 -1.81870570e-03 4.47734818e-03 -6.40021032e-03  1.79778872e-04 4.03493317e-03 8.52472498e-04 -2.04343768e
C_course-v1:UQx+Think101x+sp -0.00999928 -0.01118215 0.00624695 0.0165707  0.00998393 0.00436549  0.0050081 -0.00106634 -0.00035542 -0.00206544 0.00758839 -0.01063555 -0.00022224 0.0073101 -0.00077288 -0.00282351 -0.00287168 0.00463807  0.0067432 -0.00199671 0.00624262 
C_course-v1:TsinghuaX+30150153X+sp -1.23793744e-02 -1.20288590e-02 8.32963269e-03 1.98849179e-02  1.18701803e-02 4.56806878e-03 6.06056629e-03 -2.41503585e-05  7.01501558e-04 -1.80139032e-03 8.55261739e-03 -1.12276720e-02 -9.07275360e-04 8.11323430e-03 3.43259104e-04 -2.91093369e
C_course-v1:TsinghuaX+01030132X+sp -8.58494081e-03 -1.09113455e-02 4.31737257e-03 1.70902014e-02  1.10260351e-02 1.37358671e-03 7.44083244e-03 -2.42406549e-03 -1.50256278e-03 -2.20818748e-03 1.08293518e-02 -9.20615532e-03  6.20458042e-04 7.76602142e-03 -1.03406387e-03 -2.45955819e
C_course-v1:TsinghuaX+20430064_2X+sp -9.79817845e-03 -9.44642164e-03 6.72014058e-03 1.36159463e-02  5.33214910e-03 -1.97690679e-06 2.68164603e-03 -3.14948265e-03  1.90280634e-03 -1.80734409e-04 6.38597365e-03 -6.10443670e-03  5.49490214e-04 4.80848318e-03 -3.70936526e-04 -4.37051943e
C_course-v1:TsinghuaX+80000822X+sp -9.93609242e-03 -1.11324107e-02 4.75315796e-03 1.58786923e-02  9.53102019e-03 2.99887010e-03 4.02476871e-03 -2.01980743e-04 -9.31337592e-04 -3.22331185e-03 9.60602425e-03 -8.59451387e-03  7.56231777e-04 6.92161685e-03 1.48090057e-03 -4.29263059e
C_course-v1:TsinghuaX+20220053X_2015_T2+sp -8.51926487e-03 -6.97801216e-03 4.89054015e-03 1.29256537e-02  6.47633197e-03 2.79870513e-03 2.77743279e-03 -2.75999075e-04  1.06516795e-03 -1.92396634e-03 4.44645109e-03 -8.97750538e-03  1.07424159e-03 3.94164538e-03 1.60338543e-03 -3.31695913e
C_course-v1:TsinghuaX+THESIS2015X+2015_T1 -6.14345958e-03 -8.75258446e-03 3.87309305e-03 1.51410438e-02  5.62330941e-03 8.98111786e-04 3.72746796e-03 -4.37409058e-03 -2.98832398e-04 -3.15799378e-04 8.95263720e-03 -6.58643479e-03 -3.97743570e-04 6.10817643e-03 1.65976200e-03 -4.08922182e
C_course-v1:TsinghuaX+70120073X+sp -9.47281625e-03 -9.00705997e-03 4.15743235e-03 1.59807019e-02  9.66953672e-03 1.30055170e-03 5.04684309e-03 2.37044878e-04 -5.10395039e-04 -2.04208167e-03 7.63218198e-03 -9.24766157e-03  2.54460983e-03 6.31139334e-03 9.72650072e-04 -3.04368231e
C_course-v1:TsinghuaX+60240013X+sp -9.36741289e-03 -8.17536470e-03 5.85771864e-03 1.77124441e-02  9.15816892e-03 3.49569507e-03 5.55273890e-03 6.77652773e-04  2.35989550e-03 -1.04524847e-03 5.69836888e-03 -1.11588631e-02 -1.32574292e-04 4.81618103e-03 1.14132033e-03 -3.22215306e
C_course-v1:TsinghuaX+10430484X_2015_2+sp -8.43408983e-03 -6.45157555e-03 5.39977895e-03 1.04842922e-02  6.72658114e-03 -1.38259772e-03 2.97364290e-03 -1.39154529e-03  1.69040915e-03 -5.11087303e-04 4.50923434e-03 -5.61734056e-03  1.13399234e-03 4.97249141e-03 7.81988783e-04 -2.39755376e
C_course-v1:MITx+15_390_2x+sp -6.37142593e-03 -7.15979468e-03 3.55932419e-03 1.20465225e-02  6.51114667e-03 2.30546901e-03 3.61275254e-03 -6.52260554e-04  7.76406087e-04 -6.71574497e-04 7.44435331e-03 -4.27608378e-03 -4.52211418e-04 4.89611784e-03 1.69288809e-03 -2.93560605e
C_course-v1:TsinghuaX+00680082X+sp -9.36741289e-03 -8.17536470e-03 5.85771864e-03 1.77124441e-02  9.15816892e-03 3.49569507e-03 5.55273890e-03 6.77652773e-04  2.35989550e-03 -1.04524847e-03 5.69836888e-03 -1.11588631e-02 -1.32574292e-04 4.81618103e-03 1.14132033e-03 -3.22215306e
C_course-v1:TsinghuaX+00310222X+sp -0.0111465 -0.00942225 0.00622335 0.01532526 0.01021518 0.0014393  0.00550729 -0.00144123 0.00017237 0.00066873 0.00867795 -0.01075749  0.00387216 0.00728126 0.00050468 -0.002967  -0.00602354 0.00363045  0.00508416 -0.00367023 0.00507695 -
C_course-v1:TsinghuaX+10430494X_2015_2+sp -9.45790298e-03 -8.96043610e-03 5.58979949e-03 1.39392037e-02  7.11980043e-03 6.39464066e-04 5.17815072e-03 -2.34991359e-03  3.19573825e-04 -1.11290650e-03 7.32981740e-03 -7.09285215e-03  3.56774474e-03 6.07343903e-03 4.66380079e-05 -2.92159570e
C_course-v1:TsinghuaX+80590952X+sp -6.81747496e-03 -5.49293496e-03 3.48351640e-03 1.08926091e-02  6.28494145e-03 -1.42049021e-03 3.64141399e-03 -1.02108717e-03  2.12165737e-03 -4.54545673e-03 4.90907347e-03 -6.52469043e-03  1.14771375e-03 4.39093728e-03 -7.33154011e-04 -1.40427856e
C_course-v1:TsinghuaX+30040323X+sp -9.36741289e-03 -8.17536470e-03 5.85771864e-03 1.77124441e-02  9.15816892e-03 3.49569507e-03 5.55273890e-03 6.77652773e-04  2.35989550e-03 -1.04524847e-03 5.69836888e-03 -1.11588631e-02 -1.32574292e-04 4.81618103e-03 1.14132033e-03 -3.22215306e
C_course-v1:TsinghuaX+40050455_2X+sp -1.00656198e-02 -8.21250957e-03 5.40655758e-03 1.23319635e-02  7.93954730e-03 1.43065304e-03 3.43717309e-03 -1.62674626e-03 -2.51797028e-04 -4.18799289e-04 6.99411659e-03 -9.22181457e-03  3.77608952e-03 6.00909116e-03 1.01039151e-03 -3.10189044e
C_course-v1:TsinghuaX+20330334X_2015_2+sp -9.36741289e-03 -8.17536470e-03 5.85771864e-03 1.77124441e-02  9.15816892e-03 3.49569507e-03 5.55273890e-03 6.77652773e-04  2.35989550e-03 -1.04524847e-03 5.69836888e-03 -1.11588631e-02 -1.32574292e-04 4.81618103e-03 1.14132033e-03 -3.22215306e
C_course-v1:TsinghuaX+20440333X+sp -0.01183193 -0.01145626 0.01057267 0.01691993 0.00680825 -0.00077724  0.00661316 -0.00581229 0.00069801 -0.00188635 0.00992443 -0.00909773  0.00217031 0.01042067 0.00130622 -0.00448033 -0.00627684 0.00666872  0.00182039 -0.00469387 0.0115431 
C_course-v1:TsinghuaX+20120143X+sp -6.02975115e-03 -7.73506379e-03 3.56128230e-03 1.29081644e-02  8.37368425e-03 1.27367023e-03 5.24577172e-03 8.41919158e-04  3.07896151e-03 3.37163074e-04 4.10078513e-03 -8.14780314e-03  1.69560619e-04 4.92807152e-03 1.46442407e-03 -3.07859457e
C_course-v1:TsinghuaX+00040132X+sp -1.17444675e-02 -1.14310132e-02 7.58526102e-03 1.76632665e-02  1.14182029e-02 3.49080190e-03 7.15790922e-03 4.95082990e-04 -4.50860716e-05 -7.60248746e-04 8.94883834e-03 -9.40466486e-03  3.71950446e-05 7.86643941e-03 -4.72403117e-05 -3.72956833e
C_course-v1:AdelaideX+Wine101x+sp -9.13188700e-03 -1.06324488e-02 4.91750240e-03 1.62245277e-02  9.57943685e-03 2.84698978e-03 5.11441659e-03 -9.72443435e-04 -4.72016167e-04 -1.43288646e-03 7.04335142e-03 -1.06349448e-02  9.63008060e-05 6.51778514e-03 -1.23236052e-04 -2.20178766e
C_course-v1:TsinghuaX+00740113_2X+sp -6.21996680e-03 -6.31112745e-03 4.91307024e-03 1.11177163e-02  6.51084259e-03 1.30189897e-03 3.19384760e-03 6.52751478e-04 -1.15927646e-03 -1.88487768e-03 6.88242912e-03 -6.85201539e-03  1.07227941e-03 3.99833173e-03 -2.06303480e-03 -3.32424371e
C_course-v1:TsinghuaX+20350033X+sp -6.02975115e-03 -7.73506379e-03 3.56128230e-03 1.29081644e-02  8.37368425e-03 1.27367023e-03 5.24577172e-03 8.41919158e-04  3.07896151e-03 3.37163074e-04 4.10078513e-03 -8.14780314e-03  1.69560619e-04 4.92807152e-03 1.46442407e-03 -3.07859457e
C_course-v1:TsinghuaX+70660542X+2015_T2 -0.00928924 -0.00903314 0.00513276 0.01449688 0.00491385 -0.00178848  0.00572673 -0.00221564 -0.00157025 -0.00080377 0.00771287 -0.00786167 -0.00022327 0.00697481 0.00021887 -0.00396541 -0.00232399 0.00395342  0.00191901 -0.0029127  0.00624642 
C_course-v1:ZUELX+B0800280+sp -8.28516763e-03 -8.60144664e-03 3.68167134e-03 1.13516003e-02  7.77699798e-03 7.31459761e-04 6.46982202e-03 -2.02166592e-03  3.76654411e-04 -3.08938255e-03 7.85137899e-03 -6.85094763e-03  2.15897802e-03 5.75116416e-03 -2.62978108e-04 -1.86409685e
C_course-v1:HIT+HIT2016001+sp -9.36741289e-03 -8.17536470e-03 5.85771864e-03 1.77124441e-02  9.15816892e-03 3.49569507e-03 5.55273890e-03 6.77652773e-04  2.35989550e-03 -1.04524847e-03 5.69836888e-03 -1.11588631e-02 -1.32574292e-04 4.81618103e-03 1.14132033e-03 -3.22215306e
C_course-v1:TsinghuaX+40050444X+sp -8.14547855e-03 -7.07456330e-03 3.83567042e-03 1.11479163e-02  5.56524843e-03 3.47276405e-03 5.16403094e-03 -2.75477214e-04  2.02087406e-03 -7.63449061e-04 4.64186585e-03 -7.64360791e-03  7.10623630e-04 4.67794156e-03 1.74068182e-03 -3.03476676e
C_course-v1:Tsinghuax+30130123X+sp -7.18584750e-03 -8.22657999e-03 6.53504534e-03 1.15175266e-02  5.97117422e-03 -1.25090405e-03 4.44938615e-03 -3.52025544e-03  1.27675536e-03 -1.30615185e-03 7.13718310e-03 -7.43210455e-03  1.99363241e-03 8.55162740e-03 2.41812714e-03 -3.36301699e
C_course-v1:ZJUX+2017011101X+2017_T1 -6.62405137e-03 -7.27615226e-03 6.17697835e-03 1.13515230e-02  6.20834390e-03 -1.21081970e-03 4.25686594e-03 -1.76353694e-03  2.25494290e-03 3.08780582e-05 5.59466099e-03 -4.59036278e-03  2.35531828e-03 7.12524587e-03 1.21071120e-03 -2.43158196e
C_course-v1:BIT+PHY1701601+sp -1.07643101e-02 -9.82164685e-03 7.94084184e-03 1.49742085e-02  8.67228862e-03 -3.66392895e-04 7.71576166e-03 -2.60313926e-03  2.68187025e-04 -2.07130983e-03 9.59448423e-03 -7.71116093e-03  3.23570357e-03 9.88793559e-03 9.90145956e-04 -5.08701801e
C_course-v1:NJU+C1026+2016_T2 -7.03673065e-03 -7.23525137e-03 3.21988156e-03 1.21025974e-02  6.67308457e-03 2.18193489e-03 1.90697890e-03 -1.95463828e-04  1.32373790e-03 -5.55303472e-04 6.08130312e-03 -7.53149297e-03 -1.00436329e-03 5.09725139e-03 6.88833126e-04 -2.65967310e
C_course-v1:TsinghuaX+30240184_2X+sp -8.77656136e-03 -6.37752702e-03 4.93718078e-03 1.39371911e-02  6.25772914e-03 3.32399854e-03 4.07865969e-03 1.19329279e-03  1.11077318e-03 -1.63516740e-03 4.20082500e-03 -9.60090198e-03 -2.52458965e-04 3.24104633e-03 1.04713172e-03 -2.71216966e
C_course-v1:TsinghuaX+34000888X+sp -9.36741289e-03 -8.17536470e-03 5.85771864e-03 1.77124441e-02  9.15816892e-03 3.49569507e-03 5.55273890e-03 6.77652773e-04  2.35989550e-03 -1.04524847e-03 5.69836888e-03 -1.11588631e-02 -1.32574292e-04 4.81618103e-03 1.14132033e-03 -3.22215306e
C_course-v1:TsinghuaX+20430064X+sp -1.00060226e-02 -7.44467601e-03 6.31526113e-03 1.24039222e-02  6.47709612e-03 -5.69301832e-04 2.22061435e-03 -2.32897513e-03  2.03273306e-03 3.37095320e-04 5.64367324e-03 -7.49799469e-03 -2.27382960e-04 5.72788995e-03 2.37610657e-05 -4.00003698e
C_course-v1:TsinghuaX+70150023X+sp -8.95501953e-03 -9.89220012e-03 6.59868261e-03 1.37167098e-02  4.69246181e-03 2.75834376e-04 3.80749442e-03 -3.20444535e-03 -4.96687775e-04 -1.15662441e-03 9.43064038e-03 -7.74914538e-03  3.36348335e-03 9.86640621e-03 1.41195499e-03 -2.58019730e
C_course-v1:RiceX+AdvBIO_1x+sp -9.28962417e-03 -7.31712207e-03 6.53638411e-03 1.35018555e-02  5.96170593e-03 1.30083202e-03 2.53817416e-03 -3.86341149e-03  5.07500314e-04 2.29659723e-04 7.15030078e-03 -9.05190315e-03  7.05927436e-04 6.66854065e-03 9.63259838e-04 -5.09171933e
C_course-v1:UST+UST001+sp -8.94284714e-03 -8.12230911e-03 3.91718233e-03 1.34549765e-02  7.95816071e-03 1.32138620e-03 3.48283863e-03 -2.47024698e-04 -7.13173416e-04 -2.36994540e-03 6.49426877e-03 -8.32108688e-03  2.73326272e-03 5.48762921e-03 1.28362305e-03 -3.13625997e
C_course-v1:NUDT+125205501+sp -0.00802727 -0.00603501 0.00569598 0.01198812 0.00420423 -0.00118254  0.00383616 -0.00320006 0.00146128 -0.00311894 0.00515878 -0.0078569  0.00301023 0.0068937  0.00010138 -0.00315434 -0.00420228 0.00385744  0.00181312 -0.00432292 0.00910119 -
C_course-v1:TsinghuaX+JWWCD001+2015_T2 0. 0. 0. 0. 0. 0. 0. 0. 0. 0. 0. 0. 0. 0. 0. 0. 0. 0. 0. 0. 0. 0. 0. 0. 0. 0. 0. 0. 0. 0. 0. 0. 0. 0. 0. 0. 0. 0. 0. 0. 0. 0. 0. 0. 0. 0. 0. 0. 0. 0. 0. 0. 0. 0. 0. 0. 0. 0. 0. 0. 0. 0. 0. 0. 0. 0. 0. 0. 0. 0. 0. 0. 0. 0. 0. 0. 0. 0. 0. 0. 0. 0. 0. 0. 0. 0. 0. 0. 0. 0. 0. 0. 0. 0. 0. 0. 0. 0. 0. 0.-9.74260736e-03 -1.24242473e-02 5.32746222e-03 1.67705845e-02  1.09145921e-02 1.74369616e-03 5.36845066e-03 -6.73889997e-04 -1.59534707e-03 -2.60318839e-03 1.02862678e-02 -9.39963199e-03  1.15620252e-03 8.31972156e-03 5.17899927e-04 -3.96275660e-03 -6.07806118e-03 4.86345915e-03 3.33957653e-03 -4.90870327e-03  8.39189067e-03 -4.51520458e-03 -2.76873750e-03 2.33718148e-03  3.42268217e-03 -3.84565652e-03 -9.83237196e-03 -9.88453999e-03 -1.59043958e-03 -4.76898800e-04 -2.70044571e-03 8.08045082e-03 -5.36875241e-03 1.65160876e-02 1.06207188e-02 3.25744180e-03  2.23424030e-03 4.69819596e-03 1.64898094e-02 1.51543936e-03  4.30039223e-03 -9.09501407e-03 -1.48594135e-03 1.21272751e-03  1.16490840e-03 -1.04720599e-03 -4.94975480e-04 6.45984802e-03  3.52151296e-03 8.29414930e-03 1.14115560e-02 6.96074404e-03  5.02756657e-03 1.43142836e-02 1.87192915e-03 -9.37654730e-03  4.55120625e-03 -2.91611115e-03 1.25719411e-02 1.81269851e-02 -4.41793026e-03 1.34065759e-03 7.43580284e-04 4.03521629e-03 -2.84011563e-04 -2.99717020e-03 8.51746742e-03 1.15892887e-02  1.46774817e-02 -4.39280597e-03 3.13155842e-03 2.48900545e-03 -1.59422290e-02 2.66189221e-03 -4.25798958e-03 3.05310986e-03  3.47263692e-03 2.01110076e-03 5.04533015e-03 1.77601203e-02  7.34952569e-04 1.51519990e-02 1.47134708e-02 -6.45659305e-03  1.84776494e-03 -4.90858278e-04 8.13180208e-03 5.67831798e-03  5.97000122e-03 -1.15567837e-02 3.51394364e-03 9.95434821e-03  9.59616227e-05 -5.02576260e-03 -1.61811709e-03 7.90209882e-03 -4.24384576e-04 -1.95501605e-03 7.45834736e-03 1.98970339e-03
C_course-v1:TsinghuaX+MOOC101_2015_2+sp -1.06463386e-02 -1.26922950e-02 6.69926964e-03 1.66191217e-02  1.11495527e-02 3.95721011e-03 4.52105142e-03 -4.35696944e-04 -7.95054424e-04 -2.91440892e-03 8.92064068e-03 -1.01891644e-02 -1.59307747e-04 7.77668273e-03 -1.28008498e-04 -3.61017394e
C_course-v1:TsinghuaX+00701032X+sp -8.10409896e-03 -8.50519445e-03 4.47926205e-03 1.46274157e-02  6.85177185e-03 -2.76141986e-03 4.23553446e-03 -1.21560844e-03  8.35339364e-04 -1.41401892e-03 8.34405143e-03 -7.08839716e-03  1.93308259e-03 8.00435618e-03 -3.82997852e-04 -4.97484952e
C_course-v1:TsinghuaX+60240202X+sp -1.09010478e-02 -1.12537835e-02 5.95588982e-03 1.41180158e-02  9.83961485e-03 1.85907213e-03 4.21702676e-03 -2.05940614e-03 -1.06033776e-03 -3.89079237e-03 8.75934493e-03 -8.40368308e-03  1.63273740e-04 7.07041938e-03 -1.09153066e-03 -2.35691667e
C_course-v1:edX+BlendedX+sp -9.36741289e-03 -8.17536470e-03 5.85771864e-03 1.77124441e-02  9.15816892e-03 3.49569507e-03 5.55273890e-03 6.77652773e-04  2.35989550e-03 -1.04524847e-03 5.69836888e-03 -1.11588631e-02 -1.32574292e-04 4.81618103e-03 1.14132033e-03 -3.22215306e
C_course-v1:TsinghuaX+0350161X_2015_T2+sp -0.0091481 -0.00910221 0.00471709 0.01444241 0.00582375 -0.00191373  0.00476606 -0.00227531 -0.00096774 -0.00104798 0.00835203 -0.00908588  0.00061003 0.00771919 0.00053615 -0.00432131 -0.00323106 0.00350695  0.001519  -0.00343954 0.00777726 
C_course-v1:UQx+Crime101x+sp -9.36741289e-03 -8.17536470e-03 5.85771864e-03 1.77124441e-02  9.15816892e-03 3.49569507e-03 5.55273890e-03 6.77652773e-04  2.35989550e-03 -1.04524847e-03 5.69836888e-03 -1.11588631e-02 -1.32574292e-04 4.81618103e-03 1.14132033e-03 -3.22215306e
C_course-v1:NCTU+wghx+2017_T1 -9.36741289e-03 -8.17536470e-03 5.85771864e-03 1.77124441e-02  9.15816892e-03 3.49569507e-03 5.55273890e-03 6.77652773e-04  2.35989550e-03 -1.04524847e-03 5.69836888e-03 -1.11588631e-02 -1.32574292e-04 4.81618103e-03 1.14132033e-03 -3.22215306e
C_course-v1:JXUST+JXUST2016001+2016_T2 -0.01183193 -0.01145626 0.01057267 0.01691993 0.00680825 -0.00077724  0.00661316 -0.00581229 0.00069801 -0.00188635 0.00992443 -0.00909773  0.00217031 0.01042067 0.00130622 -0.00448033 -0.00627684 0.00666872  0.00182039 -0.00469387 0.0115431 
C_course-v1:WUT+1022817X+sp -7.96298869e-03 -6.12562988e-03 5.09433076e-03 1.15157505e-02  5.05610276e-03 2.61752424e-03 3.17920069e-03 3.44285218e-04  2.95911974e-04 -2.62054801e-03 3.53094377e-03 -6.77253446e-03 -5.63787471e-05 2.65364512e-03 1.78505527e-03 -2.08836328e
C_course-v1:TsinghuaX+30140393X+sp -9.36741289e-03 -8.17536470e-03 5.85771864e-03 1.77124441e-02  9.15816892e-03 3.49569507e-03 5.55273890e-03 6.77652773e-04  2.35989550e-03 -1.04524847e-03 5.69836888e-03 -1.11588631e-02 -1.32574292e-04 4.81618103e-03 1.14132033e-03 -3.22215306e
C_course-v1:TsinghuaX+10421094X_2015_2+sp -5.85502293e-03 -4.73882910e-03 3.82601703e-03 1.18029844e-02  6.83177542e-03 1.24453555e-03 1.52595842e-03 -2.00308539e-04  2.45294580e-03 9.28201247e-04 3.93840671e-03 -7.38506252e-03 -5.64651273e-04 4.13955841e-03 2.11333414e-03 -2.01785099e
C_course-v1:TsinghuaX+80515522X+sp -8.02239124e-03 -8.28716718e-03 2.33888975e-03 5.74153988e-03  6.31141104e-03 -2.22240016e-03 2.95755174e-03 -4.68417211e-03 -1.98475202e-03 -1.06606202e-03 4.73918673e-03 -6.03872491e-03  3.42112873e-03 5.10823168e-03 -1.83171034e-03 1.89979866e
C_course-v1:TsinghuaX+70250023X_2015_2+sp -6.07844908e-03 -6.76783640e-03 3.14509543e-03 1.36258258e-02  7.71332812e-03 1.00579031e-03 1.96213461e-03 -8.50305601e-04  1.33198383e-03 -5.55885374e-04 4.45103692e-03 -5.55523206e-03  2.42956885e-04 3.81211913e-03 5.37860382e-04 -2.27967417e
C_course-v1:TsinghuaX+Thesis2016X+sp -6.31666323e-03 -7.08446326e-03 3.53569374e-03 1.41310217e-02  6.57743262e-03 4.25340986e-04 3.34327505e-03 -3.69033404e-03 -1.90560197e-04 1.15725445e-04 8.33405275e-03 -7.74773257e-03 -1.04513799e-03 6.87434897e-03 1.98867661e-03 -3.78048629e
C_course-v1:TsinghuaX+00690092X+sp -0.00951925 -0.01006373 0.00585021 0.0159517  0.00596611 -0.00188303  0.00626268 -0.00358647 -0.00092946 -0.00137913 0.00812672 -0.00987542  0.00062122 0.00834201 0.00079826 -0.00408664 -0.00314303 0.00468021  0.00109939 -0.00438792 0.0079578 
C_course-v1:TsinghuaX+64100033X+SP -7.52009545e-03 -4.72744787e-03 4.42630658e-03 1.24018118e-02  5.92347607e-03 6.89467764e-04 1.66035874e-03 -8.94437486e-04  4.19173040e-04 -1.35807053e-03 5.53217018e-03 -6.84779417e-03  4.02631733e-04 4.48386464e-03 -1.26855483e-03 -2.92448676e
C_course-v1:TsinghuaX+30260112X+sp -8.51926487e-03 -6.97801216e-03 4.89054015e-03 1.29256537e-02  6.47633197e-03 2.79870513e-03 2.77743279e-03 -2.75999075e-04  1.06516795e-03 -1.92396634e-03 4.44645109e-03 -8.97750538e-03  1.07424159e-03 3.94164538e-03 1.60338543e-03 -3.31695913e
C_course-v1:UQx+BIOIMG101x+sp -0.00951925 -0.01006373 0.00585021 0.0159517  0.00596611 -0.00188303  0.00626268 -0.00358647 -0.00092946 -0.00137913 0.00812672 -0.00987542  0.00062122 0.00834201 0.00079826 -0.00408664 -0.00314303 0.00468021  0.00109939 -0.00438792 0.0079578 
C_course-v1:HUBU+HU08002X+sp -7.71000329e-03 -8.62567313e-03 5.81079163e-03 1.47481048e-02  9.37765092e-03 3.52766830e-03 5.82595775e-03 -4.60544892e-04  1.38903223e-03 1.07901695e-04 7.89387710e-03 -8.03226978e-03  2.35790526e-03 4.85387351e-03 -1.36761589e-03 -3.10167088e
C_course-v1:UC_BerkeleyX+CS_184_1x+sp -8.62780400e-03 -9.63323750e-03 4.75228298e-03 1.37238260e-02  5.03483927e-03 -9.20511899e-04 5.00665465e-03 -2.26194412e-03 -2.76582490e-04 -1.02713075e-03 7.90980738e-03 -9.41315480e-03  4.41177963e-06 7.53070042e-03 1.40178669e-03 -3.22310510e
C_course-v1:TsinghuaX+70167012X+sp -1.15387049e-02 -1.11297416e-02 6.88109454e-03 1.65895671e-02  1.07003134e-02 3.38265416e-03 6.84520137e-03 -8.69703479e-04 -1.05723902e-03 -8.06188677e-04 8.24428909e-03 -9.19513404e-03  1.77403283e-03 8.15787818e-03 -4.43113502e-04 -3.30589036e
C_course-v1:BIT+PHY1701701+sp -9.07868147e-03 -7.55630527e-03 6.09666714e-03 1.20915798e-02  6.31130254e-03 -2.64590897e-04 5.29990345e-03 -2.56522279e-03  1.22200034e-03 -1.56114879e-03 6.23527355e-03 -6.34176284e-03  2.91640987e-03 6.91748923e-03 1.51694543e-03 -2.94781756e
C_course-v1:BIT+PHY17016+sp -1.07643101e-02 -9.82164685e-03 7.94084184e-03 1.49742085e-02  8.67228862e-03 -3.66392895e-04 7.71576166e-03 -2.60313926e-03  2.68187025e-04 -2.07130983e-03 9.59448423e-03 -7.71116093e-03  3.23570357e-03 9.88793559e-03 9.90145956e-04 -5.08701801e
C_course-v1:TsinghuaX+TsinghuaMandarin01+sp -0.00805265 -0.00725369 0.00423876 0.0146489  0.00935929 0.00239288  0.00493285 0.00017353 0.00036457 -0.00220901 0.00701098 -0.00825615 -0.00175474 0.00494933 0.00132514 -0.00415703 -0.0035698  0.00367854  0.00495615 -0.00162641 0.00428696 
C_course-v1:TsinghuaX+81020142X+sp -9.82255582e-03 -8.97821505e-03 5.28300367e-03 1.46794915e-02  9.05184075e-03 2.55011301e-03 6.78744679e-03 -7.30190019e-04 -6.67727320e-04 -1.79317431e-04 6.74008438e-03 -8.65259580e-03  2.83171050e-03 6.52051345e-03 -2.40676105e-04 -3.56023922e
C_course-v1:TsinghuaX+20250103X+sp -0.00966101 -0.01047904 0.00880557 0.01524659 0.00696622 0.0018721  0.0056747 -0.0018179  0.00030328 -0.00088118 0.00823573 -0.00864556  0.00038263 0.00866878 0.0005101 -0.00298801 -0.00538248 0.0054245  0.0020615 -0.004897  0.00882137 -0
C_course-v1:TsinghuaX+80150193X+sp -9.36741289e-03 -8.17536470e-03 5.85771864e-03 1.77124441e-02  9.15816892e-03 3.49569507e-03 5.55273890e-03 6.77652773e-04  2.35989550e-03 -1.04524847e-03 5.69836888e-03 -1.11588631e-02 -1.32574292e-04 4.81618103e-03 1.14132033e-03 -3.22215306e
C_course-v1:TsinghuaX+10610224X+sp -0.01007476 -0.01094406 0.00585218 0.01542661 0.00839346 0.00036358  0.0056918 -0.00169331 -0.00116639 -0.00213528 0.00910281 -0.00905849  0.00019406 0.00775185 0.00136964 -0.00451427 -0.00475665 0.0043537  0.00281822 -0.00483128 0.0083052 -
C_course-v1:TsinghuaX+80611322X+sp -0.01213552 -0.01213807 0.00964501 0.01759087 0.01148445 0.00054826  0.00406465 -0.00118963 0.00194664 -0.00240864 0.01165977 -0.00613756  0.00237713 0.01139936 -0.00112182 -0.004934  -0.00616189 0.00521181  0.00488713 -0.00598316 0.00964642 
C_course-v1:TsinghuaX+00691153X+sp -7.98153505e-03 -1.00704161e-02 5.92894992e-03 1.36950463e-02  6.29686192e-03 -1.14466537e-04 5.56872040e-03 -1.96583103e-03 -6.09304814e-04 -2.74627958e-03 9.73699149e-03 -8.21232330e-03  2.46021594e-03 6.73344918e-03 5.00361377e-04 -3.99646768e
C_course-v1:TsinghuaX+2070071X+2017_T1 -8.74164887e-03 -9.88755189e-03 7.35951867e-03 1.51476040e-02  9.88851953e-03 4.51625930e-03 4.70700208e-03 -6.42943487e-04  1.51963602e-03 -2.18961970e-04 7.14214612e-03 -7.63158966e-03  1.18183292e-04 5.29660750e-03 -9.09839175e-04 -2.24283128e
C_course-v1:TsinghuaX+30150303X+sp -1.08542014e-02 -1.02400938e-02 6.83173072e-03 1.50789907e-02  9.56270937e-03 3.53870401e-03 5.66849113e-03 -9.12588614e-04 -5.37123531e-04 -5.06181095e-04 5.98835340e-03 -8.25191475e-03  5.91988675e-04 6.96324743e-03 2.17100489e-04 -2.70139962e
C_course-v1:TsinghuaX+30700313X+sp -0.00951925 -0.01006373 0.00585021 0.0159517  0.00596611 -0.00188303  0.00626268 -0.00358647 -0.00092946 -0.00137913 0.00812672 -0.00987542  0.00062122 0.00834201 0.00079826 -0.00408664 -0.00314303 0.00468021  0.00109939 -0.00438792 0.0079578 
C_course-v1:TsinghuaX+30320174X+sp -1.10038472e-02 -1.03463540e-02 6.26466284e-03 1.93522517e-02  1.11890221e-02 3.24994791e-03 7.55250687e-03 2.19047652e-04  5.27363038e-04 -1.36557210e-03 9.55492537e-03 -1.17619121e-02  2.07902072e-03 7.52292201e-03 -2.67109688e-04 -4.05605324e
C_course-v1:TsinghuaX+70612463X+sp -7.95661192e-03 -8.21031909e-03 4.42538830e-03 1.46228066e-02  6.28039613e-03 1.20195001e-03 4.19940194e-03 1.02172686e-04  1.32372079e-03 -1.15818426e-03 5.54813212e-03 -9.17497743e-03  9.74689829e-05 5.93128847e-03 2.06808839e-03 -3.45155434e
C_course-v1:TsinghuaX+00670122X+sp -6.79564755e-03 -6.01699762e-03 5.46364300e-03 1.29907848e-02  5.79094421e-03 1.97405647e-03 3.99750238e-03 1.74191664e-05  1.00419135e-03 -8.71189288e-04 4.69123293e-03 -9.12160333e-03 -1.11258496e-03 3.13089602e-03 8.74829944e-04 -3.85756139e
C_course-v1:WUT+WUT2016001+sp -1.08848801e-02 -1.17947711e-02 4.89082234e-03 1.71739981e-02  1.20674418e-02 6.92400092e-04 8.03903583e-03 -1.77490909e-03 -1.07982662e-03 -3.52477096e-03 1.20338956e-02 -1.02008870e-02  2.04136991e-03 8.10605567e-03 -2.90824822e-03 -3.11881793e
C_course-v1:BIT+BIT2016001+sp -8.57466273e-03 -8.24734755e-03 4.75618150e-03 1.44825717e-02  8.69369041e-03 2.40504672e-03 6.57372363e-03 -2.65426934e-06  1.48739270e-03 -1.55998662e-03 8.84314440e-03 -8.60035233e-03  2.71585630e-03 5.23599377e-03 -1.14021602e-03 -2.78187171e
C_course-v1:TsinghuaX+00612642X+sp -0.00813238 -0.00826146 0.00377172 0.01675492 0.00875926 0.0012548  0.00554839 0.00025281 0.00126046 -0.00033105 0.00541997 -0.01098342  0.00036844 0.00432696 0.001586  -0.00205307 -0.00195811 0.0057099  0.00403236 -0.00046137 0.00332619 -0
C_course-v1:TsinghuaX+Pr20170406-SC_p1+sp -4.35008761e-03 -4.67900559e-03 8.03495524e-04 8.17315932e-03  7.06624147e-03 -1.19322073e-03 -3.46009620e-03 -5.17330319e-03 -1.75976031e-03 -5.11576887e-04 5.88630559e-03 -2.44136681e-04 -1.28949550e-03 6.47117989e-03 -3.34320008e-03 -4.42540878e
C_course-v1:BJUT+2140074001x+sp -0.00786353 -0.00648513 0.00369548 0.01306891 0.00652184 0.00109698  0.00280708 -0.00013758 -0.00029334 -0.00027611 0.00583513 -0.00559213 -0.00128896 0.00440239 -0.00078981 -0.00358755 -0.00081639 0.00445743  0.00514   0.00096695 0.0015073 
C_course-v1:TsinghuaX+10421084X_2015_2+sp -9.36741289e-03 -8.17536470e-03 5.85771864e-03 1.77124441e-02  9.15816892e-03 3.49569507e-03 5.55273890e-03 6.77652773e-04  2.35989550e-03 -1.04524847e-03 5.69836888e-03 -1.11588631e-02 -1.32574292e-04 4.81618103e-03 1.14132033e-03 -3.22215306e
C_course-v1:GXUST+2017041901X+2017_T1 -0.00951925 -0.01006373 0.00585021 0.0159517  0.00596611 -0.00188303  0.00626268 -0.00358647 -0.00092946 -0.00137913 0.00812672 -0.00987542  0.00062122 0.00834201 0.00079826 -0.00408664 -0.00314303 0.00468021  0.00109939 -0.00438792 0.0079578 
C_course-v1:TsinghuaX+00720091X+sp -0.01140102 -0.01071425 0.00710213 0.01621925 0.00853038 -0.00020814  0.00588948 -0.00233836 -0.00071564 -0.00137558 0.01159254 -0.0092728  0.00285203 0.00975142 -0.00024595 -0.00498612 -0.00682131 0.0040543  0.00315656 -0.00409542 0.01100906 -0
C_course-v1:TsinghuaX+30640014X+sp -6.45256881e-03 -9.40740295e-03 4.31721006e-03 1.48161082e-02  8.77183024e-03 2.84416159e-03 4.12320951e-03 -2.47318909e-04  1.19981507e-03 -1.31819861e-05 7.48066604e-03 -9.14070290e-03  2.94066896e-03 6.14950433e-03 2.46290670e-04 -4.23039868e
C_course-v1:HUBU+HU08003X+sp -1.10038472e-02 -1.03463540e-02 6.26466284e-03 1.93522517e-02  1.11890221e-02 3.24994791e-03 7.55250687e-03 2.19047652e-04  5.27363038e-04 -1.36557210e-03 9.55492537e-03 -1.17619121e-02  2.07902072e-03 7.52292201e-03 -2.67109688e-04 -4.05605324e
C_course-v1:McGillX+ATOC185x+2015_T1 -9.36741289e-03 -8.17536470e-03 5.85771864e-03 1.77124441e-02  9.15816892e-03 3.49569507e-03 5.55273890e-03 6.77652773e-04  2.35989550e-03 -1.04524847e-03 5.69836888e-03 -1.11588631e-02 -1.32574292e-04 4.81618103e-03 1.14132033e-03 -3.22215306e
C_course-v1:HUBU+2017030501X+sp -1.10038472e-02 -1.03463540e-02 6.26466284e-03 1.93522517e-02  1.11890221e-02 3.24994791e-03 7.55250687e-03 2.19047652e-04  5.27363038e-04 -1.36557210e-03 9.55492537e-03 -1.17619121e-02  2.07902072e-03 7.52292201e-03 -2.67109688e-04 -4.05605324e
C_course-v1:TsinghuaX+00690212X-2+sp -1.22542009e-02 -1.18562002e-02 7.60451658e-03 1.77838709e-02  9.26521514e-03 2.53820186e-03 5.41722821e-03 -3.39032593e-03 -7.40770658e-04 -1.09763094e-03 1.04127284e-02 -9.75308754e-03  9.61188576e-04 8.26169830e-03 1.34611037e-05 -5.35043329e
C_course-v1:MIL+MIL2016001+sp -0.00957614 -0.010391  0.00484247 0.01445713 0.00876739 0.00031052  0.00398136 -0.00078261 -0.00080129 -0.00115934 0.00743235 -0.00986724  0.00053194 0.00647563 0.00125035 -0.00348834 -0.00325499 0.00452784  0.00277544 -0.00357777 0.00475456 
C_course-v1:TsinghuaX+30670043X+sp -0.01246216 -0.01137638 0.00923636 0.01649905 0.00919387 0.00242423  0.00664205 -0.0045162  0.00076053 -0.0016513  0.00877605 -0.00901838  0.00096114 0.00910945 0.00085509 -0.00228441 -0.00460255 0.00654449  0.00424198 -0.00487929 0.00969009 
C_course-v1:RiceX+AdvENVSCI_1x+sp -0.0090186 -0.00697363 0.00547776 0.01265242 0.00584381 0.00074461  0.00191174 -0.00272463 0.00023611 0.00023748 0.00750079 -0.00853121  0.00068249 0.00642844 0.00071734 -0.00511976 -0.00389665 0.00459901  0.00385206 -0.00142341 0.00809004 
C_course-v1:TsinghuaX+10691113X+sp -1.08848801e-02 -1.17947711e-02 4.89082234e-03 1.71739981e-02  1.20674418e-02 6.92400092e-04 8.03903583e-03 -1.77490909e-03 -1.07982662e-03 -3.52477096e-03 1.20338956e-02 -1.02008870e-02  2.04136991e-03 8.10605567e-03 -2.90824822e-03 -3.11881793e
C_course-v1:TsinghuaX+10421075X_2015_2+sp -9.36741289e-03 -8.17536470e-03 5.85771864e-03 1.77124441e-02  9.15816892e-03 3.49569507e-03 5.55273890e-03 6.77652773e-04  2.35989550e-03 -1.04524847e-03 5.69836888e-03 -1.11588631e-02 -1.32574292e-04 4.81618103e-03 1.14132033e-03 -3.22215306e
C_course-v1:TsinghuaX+10610193X+sp -9.65495780e-03 -8.23220611e-03 8.18777364e-03 1.57311950e-02  9.80248116e-03 1.55358750e-03 5.59950667e-03 -3.13037331e-03 -2.34524556e-03 -1.36673416e-03 7.27873668e-03 -8.74282513e-03 -8.83216329e-04 7.23416777e-03 1.36634335e-03 -2.59242835e
C_course-v1:TsinghuaX+10421102x_2015_T2+sp -5.64717874e-03 -6.74057472e-03 4.23089648e-03 1.30150113e-02  5.68682840e-03 1.81186048e-03 1.98699022e-03 -1.02081639e-03  2.32301932e-03 4.10371460e-04 4.68070759e-03 -5.99150499e-03  2.12221872e-04 3.22015164e-03 1.71863625e-03 -2.38833320e
C_course-v1:RiceX+AdvENVSCI_3x+sp -0.00987824 -0.00905938 0.00566799 0.01485527 0.00684216 0.00174204  0.00395347 -0.00270077 -0.00036331 -0.00059942 0.01011932 -0.00889383  0.00215003 0.00767615 0.00015452 -0.00542098 -0.00468352 0.00399224  0.00413244 -0.00297048 0.00906757 
C_course-v1:TsinghuaX+THU201605X+sp -0.00912803 -0.00820679 0.00392867 0.01734513 0.00762582 0.00251657  0.00353025 -0.00068444 0.00024164 -0.00267102 0.00669052 -0.00821905 -0.00052966 0.00625237 0.00229439 -0.00309751 -0.00375534 0.00506901  0.00486729 0.00104047 0.00582841 
C_course-v1:SEU+00690803+Sp -0.00930396 -0.00780359 0.00557537 0.014734  0.00765635 0.00147944  0.00377223 -0.00364589 -0.00025892 0.00032786 0.00747736 -0.00952134 -0.00080731 0.00692185 0.00183217 -0.00467834 -0.00411783 0.00449749  0.00386424 -0.00236874 0.00874967 
C_course-v1:FudanX+SOSC120007+sp -0.00900163 -0.00833919 0.00783078 0.01427136 0.00857958 -0.00253401  0.00255886 -0.00107057 0.0042276 -0.00195613 0.0103591 -0.00352369  0.00479404 0.00974537 -0.0010563 -0.00625675 -0.00564889 0.00408545  0.00444986 -0.00400882 0.00726802 
C_course-v1:TsinghuaX+80140242+sp -9.36741289e-03 -8.17536470e-03 5.85771864e-03 1.77124441e-02  9.15816892e-03 3.49569507e-03 5.55273890e-03 6.77652773e-04  2.35989550e-03 -1.04524847e-03 5.69836888e-03 -1.11588631e-02 -1.32574292e-04 4.81618103e-03 1.14132033e-03 -3.22215306e
C_course-v1:TsinghuaX+00690342X+sp -1.31896157e-02 -1.48147047e-02 9.92532633e-03 1.83003321e-02  1.15744565e-02 2.28793151e-03 5.47929015e-03 -2.28023273e-03 -9.13586933e-04 -3.26220924e-03 1.14560500e-02 -9.63070616e-03  3.63412313e-04 1.05936741e-02 7.36609742e-04 -4.32323059e
C_course-v1:RiceX+AdvBIO_4x+sp -0.0093323 -0.00860295 0.0066862  0.01452363 0.00513698 0.00243257  0.00334731 -0.00461894 0.00051968 -0.00046672 0.00854866 -0.00861681  0.00145817 0.00697314 0.00113085 -0.0053855 -0.00334239 0.00526843  0.00395229 -0.00270724 0.00836383 
C_course-v1:UQx+TROPIC101x+sp -9.18896310e-03 -1.03479885e-02 3.79695836e-03 1.44450646e-02  1.04757985e-02 -3.40626633e-04 6.28253212e-03 -2.31328234e-03 -5.08889789e-05 -4.28404659e-03 9.41682607e-03 -8.81732348e-03 -1.89050508e-04 5.69088105e-03 -2.82038748e-03 -1.81630009e
C_course-v1:RiceX+AdvENVSCI_2x+sp -8.84539727e-03 -8.64174683e-03 5.81515627e-03 1.36624426e-02  4.88968426e-03 1.21737679e-03 2.29593250e-03 -3.40838428e-03  1.27832944e-04 -1.94039967e-04 8.11937824e-03 -7.36991176e-03  1.32988405e-03 5.66226756e-03 3.88421584e-04 -5.42849908e
C_course-v1:BSU+BSU001+sp -8.07081442e-03 -9.34668537e-03 4.54993872e-03 1.48756532e-02  9.32790432e-03 2.18662946e-03 3.70772206e-03 1.47807540e-03  1.32880395e-03 -2.66716629e-03 6.76863035e-03 -9.84840654e-03  7.08217267e-04 4.11490351e-03 1.95299368e-03 -4.84093837e
C_course-v1:TsinghuaX+00690302_2+sp -9.39739775e-03 -9.61145014e-03 8.29391368e-03 1.56669375e-02  7.76923215e-03 1.13207346e-03 5.77432569e-03 -3.42087517e-03 -4.94877349e-05 -2.80064577e-03 7.31639704e-03 -9.30717774e-03 -1.53275381e-04 5.67768468e-03 2.74554640e-03 -2.72147148e
C_course-v1:TsinghuaX+20220332X+sp -1.00586340e-02 -1.23529015e-02 8.51373095e-03 1.48892337e-02  7.79425353e-03 1.84887473e-03 6.77889539e-03 -4.14774381e-03 -7.56198307e-04 -2.71631242e-03 1.11059090e-02 -8.05491675e-03  1.89524796e-03 8.95686820e-03 1.22390559e-03 -4.56515327e
C_course-v1:TsinghuaX+20250064X+sp -8.99886992e-03 -8.40193871e-03 4.79253894e-03 1.29412459e-02  7.51113007e-03 2.31961976e-03 2.18593911e-03 -2.79959990e-04  9.76984520e-05 -1.61889440e-03 5.48627367e-03 -7.83915259e-03  1.18593033e-03 5.96166542e-03 1.20925345e-03 -2.29021697e
C_course-v1:RiceX+AdvBIO_2x+sp -9.08177905e-03 -9.31886770e-03 6.94126356e-03 1.47138806e-02  4.81675845e-03 1.86815707e-03 2.99920584e-03 -4.68391925e-03  3.77573626e-04 -2.88170064e-04 7.89260212e-03 -7.65834609e-03  1.48280058e-03 5.74913388e-03 5.68562304e-04 -5.46220178e
C_course-v1:TsinghuaX+TSINGHUA107+sp -0.00755382 -0.00749293 0.00351172 0.01385397 0.006916  0.00052447  0.00403705 -0.00202739 -0.00028435 -0.00051451 0.00752193 -0.00976104  0.00305682 0.00544835 0.00140832 -0.00276548 -0.00391147 0.00353556  0.00460085 -0.00349961 0.00272843 
C_course-v1:TsinghuaX+90640012X+sp -6.45256881e-03 -9.40740295e-03 4.31721006e-03 1.48161082e-02  8.77183024e-03 2.84416159e-03 4.12320951e-03 -2.47318909e-04  1.19981507e-03 -1.31819861e-05 7.48066604e-03 -9.14070290e-03  2.94066896e-03 6.14950433e-03 2.46290670e-04 -4.23039868e
C_course-v1:HIT+HIT2016002+sp -9.36741289e-03 -8.17536470e-03 5.85771864e-03 1.77124441e-02  9.15816892e-03 3.49569507e-03 5.55273890e-03 6.77652773e-04  2.35989550e-03 -1.04524847e-03 5.69836888e-03 -1.11588631e-02 -1.32574292e-04 4.81618103e-03 1.14132033e-03 -3.22215306e
C_course-v1:TsinghuaX+00612643X+sp -1.08547658e-02 -1.18833873e-02 6.41326699e-03 1.77829321e-02  1.10372929e-02 4.04408015e-03 6.31688815e-03 -9.92701622e-04 -9.11872659e-04 -2.05359934e-03 9.52432305e-03 -1.11020422e-02  1.12264825e-03 8.43536202e-03 -1.23509963e-03 -3.40357865e
C_course-v1:TsinghuaX+02070251X+sp -1.10038472e-02 -1.03463540e-02 6.26466284e-03 1.93522517e-02  1.11890221e-02 3.24994791e-03 7.55250687e-03 2.19047652e-04  5.27363038e-04 -1.36557210e-03 9.55492537e-03 -1.17619121e-02  2.07902072e-03 7.52292201e-03 -2.67109688e-04 -4.05605324e
C_course-v1:RiceX+AdvBIO_3x+sp -0.01032118 -0.00982003 0.00676467 0.01614528 0.00715973 0.00249775  0.00498826 -0.00383478 -0.0002118 -0.00077462 0.01029253 -0.00948705  0.00246698 0.0081658  0.00028788 -0.00545317 -0.00490359 0.00502791  0.00431943 -0.00363537 0.00947006 
C_course-v1:TsinghuaX+80000901X_1+sp -0.0091603 -0.00571072 0.00603226 0.01366313 0.0080179  0.00151401  0.00403657 -0.00297429 -0.00065755 -0.00050541 0.0058844 -0.0090867 -0.00095357 0.00587107 0.00144144 -0.00369931 -0.00361275 0.00583999  0.00374313 -0.00246252 0.00597044 -
C_course-v1:TsinghuaX+THESIS2015X_tv+2015_T1 -6.31666323e-03 -7.08446326e-03 3.53569374e-03 1.41310217e-02  6.57743262e-03 4.25340986e-04 3.34327505e-03 -3.69033404e-03 -1.90560197e-04 1.15725445e-04 8.33405275e-03 -7.74773257e-03 -1.04513799e-03 6.87434897e-03 1.98867661e-03 -3.78048629e
C_course-v1:TsinghuaX+00690302_1+sp -8.03315360e-03 -7.09804986e-03 4.26252093e-03 1.10533703e-02  7.39649776e-03 -1.69053790e-04 4.14132932e-03 -2.44090916e-04  8.81037093e-04 2.17972882e-03 3.86182498e-03 -7.57731870e-03  7.22584664e-04 3.57799861e-03 2.22283974e-03 -1.77080533e
C_course-v1:FUDANx+ECON1300812+sp -0.00767276 -0.00992232 0.00670458 0.01237982 0.00680707 -0.00157495  0.00595272 -0.00348471 0.00197104 -0.00022357 0.00691816 -0.00677371  0.00170482 0.0086644  0.00157436 -0.00391738 -0.00507463 0.00478131  0.00279979 -0.00246645 0.00750506 
C_course-v1:USTC+2017011402X+2017_T1 0. 0. 0. 0. 0. 0. 0. 0. 0. 0. 0. 0. 0. 0. 0. 0. 0. 0. 0. 0. 0. 0. 0. 0. 0. 0. 0. 0. 0. 0. 0. 0. 0. 0. 0. 0. 0. 0. 0. 0. 0. 0. 0. 0. 0. 0. 0. 0. 0. 0. 0. 0. 0. 0. 0. 0. 0. 0. 0. 0. 0. 0. 0. 0. 0. 0. 0. 0. 0. 0. 0. 0. 0. 0. 0. 0. 0. 0. 0. 0. 0. 0. 0. 0. 0. 0. 0. 0. 0. 0. 0. 0. 0. 0. 0. 0. 0. 0. 0. 0.-9.39807110e-03 -1.17814904e-02 5.03453752e-03 1.36458520e-02  9.77079570e-03 1.19346357e-03 3.79723124e-03 1.04005929e-04 -1.84054160e-03 -3.51565937e-03 9.60782357e-03 -8.12923070e-03  1.49988884e-03 7.77799264e-03 2.49211356e-04 -4.26190346e-03 -5.37983840e-03 5.73198590e-03 2.76313815e-03 -4.35076142e-03  7.84863532e-03 -3.58811906e-03 -3.38041410e-03 1.42770587e-03  2.92971265e-03 -3.18331853e-03 -8.96042120e-03 -8.34057666e-03 -1.99296093e-03 -9.81195248e-04 -1.67312019e-03 7.40430830e-03 -4.16344963e-03 1.43410331e-02 9.82109550e-03 3.22003476e-03  2.06153234e-03 4.21525305e-03 1.33714331e-02 7.54745153e-04  3.71502968e-03 -7.09400792e-03 -1.02367613e-03 1.10206683e-03  9.06056084e-04 -2.30970953e-04 -4.24577767e-04 5.55113796e-03  2.72528990e-03 7.36097246e-03 1.20785646e-02 7.00202491e-03  4.22128616e-03 1.25163551e-02 2.10582931e-03 -9.19794198e-03  4.67546424e-03 -3.52713396e-03 1.13592856e-02 1.60720609e-02 -3.41335032e-03 1.06637808e-03 -4.18513315e-04 3.86120821e-03 -1.13454618e-04 -2.29372596e-03 8.13654624e-03 1.05312523e-02  1.22160437e-02 -5.00336569e-03 4.01085941e-03 2.47740117e-03 -1.32044973e-02 2.73639569e-03 -4.87565808e-03 2.67763133e-03  2.55659246e-03 1.93342753e-03 4.87961294e-03 1.70739237e-02  1.58716121e-03 1.45885786e-02 1.38608580e-02 -5.59857627e-03  1.46693748e-03 4.48641600e-04 6.72135036e-03 5.38384542e-03  5.92746027e-03 -9.87003278e-03 3.69157642e-03 8.64491798e-03  1.08863214e-05 -5.33811282e-03 -1.69356761e-03 5.98266535e-03 -1.51612808e-03 -2.06671283e-03 6.89724740e-03 2.03650049e-03
C_course-v1:TsinghuaX+10610183_2X+sp -1.18220635e-02 -1.14318496e-02 6.46813400e-03 2.01721564e-02  1.22044487e-02 3.12707433e-03 8.55239108e-03 -1.02549093e-05 -3.88903194e-04 -1.52573397e-03 1.14832036e-02 -1.20634371e-02  3.18481820e-03 8.87629203e-03 -9.71324625e-04 -4.47300356e
C_course-v1:HUBU+2017022703X+sp -5.67295216e-03 -7.08923442e-03 2.88453978e-03 1.41706020e-02  8.28936696e-03 3.60149634e-03 3.03778052e-03 -1.26395491e-03  2.06795335e-03 -7.51179934e-04 4.98656696e-03 -9.79644340e-03  1.30045542e-03 3.35741998e-03 9.10694071e-04 -2.80175847e
C_course-v1:TsinghuaX+40260092X+sp -9.36741289e-03 -8.17536470e-03 5.85771864e-03 1.77124441e-02  9.15816892e-03 3.49569507e-03 5.55273890e-03 6.77652773e-04  2.35989550e-03 -1.04524847e-03 5.69836888e-03 -1.11588631e-02 -1.32574292e-04 4.81618103e-03 1.14132033e-03 -3.22215306e
C_course-v1:TsinghuaX+400182X+sp -0.00999928 -0.01118215 0.00624695 0.0165707  0.00998393 0.00436549  0.0050081 -0.00106634 -0.00035542 -0.00206544 0.00758839 -0.01063555 -0.00022224 0.0073101 -0.00077288 -0.00282351 -0.00287168 0.00463807  0.0067432 -0.00199671 0.00624262 
C_course-v1:TsinghuaX+00460032X+sp -7.83764571e-03 -9.65873431e-03 3.05154826e-03 1.24445520e-02  7.15881586e-03 -1.35559787e-03 4.68593091e-03 -1.89178402e-03 -2.83468835e-04 -3.31738312e-03 8.02710280e-03 -7.61395134e-03  5.98181687e-05 6.51442120e-03 -5.73050231e-04 -2.51431903e
C_course-v1:TsinghuaX+30806872X+sp -0.0093403 -0.01056954 0.00726995 0.01624598 0.00870368 0.00290766  0.00615012 -0.00144216 -0.00087592 -0.00129288 0.00974274 -0.00868971  0.00102145 0.00783064 0.00095761 -0.00373987 -0.00573717 0.00567413  0.00379391 -0.00600882 0.00896426 
C_course-v1:TsinghuaX+10800032X+sp -1.11521287e-02 -1.07013052e-02 7.63741881e-03 1.62548367e-02  1.15221860e-02 1.79084053e-03 5.69867250e-03 -1.65398384e-03 -1.37059554e-03 -6.94102491e-04 8.61945935e-03 -9.46612842e-03  1.28588302e-03 8.97015259e-03 -6.20610081e-04 -1.79251679e
C_course-v1:TsinghuaX+80000901X_2+sp -1.03322687e-02 -9.14412457e-03 7.35591445e-03 1.60383936e-02  8.52526352e-03 2.66192551e-03 4.80011385e-03 -3.33943428e-03 -1.03003066e-03 -1.27646967e-03 7.61129009e-03 -8.41681566e-03 -6.13386102e-04 6.47667749e-03 7.74611719e-04 -3.76239303e
C_course-v1:SEU+00690803+sp -0.00913075 -0.00947172 0.00591277 0.01574403 0.00670223 0.00195222  0.00415643 -0.00432965 -0.0003672 -0.00010366 0.00809594 -0.00836005 -0.00015992 0.00615568 0.00150326 -0.00498708 -0.00400676 0.00306164  0.00413271 -0.00290742 0.00907604 
C_course-v1:ACCA+MA2_X+sp -4.96455934e-03 -6.90340530e-03 3.69334221e-03 9.50107630e-03  5.96170267e-03 4.62403463e-04 3.89136514e-03 -2.31460226e-03  1.36072037e-03 -3.97606101e-03 4.01687622e-03 -3.80554190e-03  7.37685827e-04 1.97931449e-03 -3.34327866e-04 -2.77381012e
